32
0.
0.0625
0.125
0.1875
0.25
0.3125
0.375
0.4
0.4
0.4
0.4
0.4
0.4
0.4
0.4
0.4
0.4
0.4
0.4
0.4
0.4
0.4
0.4
0.4
0.4
0.4
0.3750000000000001
0.3125000000000001
0.2500000000000001
0.1875000000000001
0.1250000000000001
0.06250000000000011
0.
0.05487060546875
0.09521484375
0.12213134765625
0.13671875
0.14007568359375
0.13330078125
0.11749267578125
0.09375
0.06317138671875
0.02685546875
-0.01409912109375
-0.05859375
-0.10552978515625
-0.15380859375
-0.20233154296875
-0.25
-0.29571533203125
-0.33837890625
-0.37689208984375
-0.41015625
-0.43707275390625
-0.45654296875
-0.46746826171875
-0.46875
-0.45928955078125
-0.43798828125
-0.40374755859375
-0.35546875
-0.29205322265625
-0.21240234375
-0.11541748046875
0.
0.05852709660483847
0.11480502970952693
0.16667106990588065
0.21213203435596423
0.24944088369076356
0.27716385975338603
0.2942355841209691
0.3
0.2942355841209691
0.27716385975338603
0.24944088369076356
0.21213203435596423
0.16667106990588065
0.11480502970952693
0.05852709660483847
0.
-0.05852709660483847
-0.11480502970952693
-0.16667106990588065
-0.21213203435596423
-0.24944088369076356
-0.27716385975338603
-0.2942355841209691
-0.3
-0.2942355841209691
-0.27716385975338603
-0.24944088369076356
-0.21213203435596423
-0.16667106990588065
-0.11480502970952693
-0.05852709660483847
0.
0.03125
0.0625
0.09375
0.125
0.15625
0.1875
0.21875
0.25
0.28125
0.3125
0.34375
0.375
0.40625
0.4375
0.46875
0.5
0.46875
0.4375
0.40625
0.375
0.34375
0.3125
0.28125
0.25
0.21875
0.1875
0.15625
0.125
0.09375
0.0625
0.03125
